1 thread:
    L2_TRANS_ALL_REQUESTS
        193819335
        193821029
        194432463
    L2_RQSTS_MISS
        50483742
        50426494
        50365686

2 threads:
    L2_TRANS_ALL_REQUESTS
        203824954 144443635 59381319
        203958295 144760909 59197386
        203395222 144111593 59283629
    L2_RQSTS_MISS
        50712072 34921108 15790964
        50764317 34970123 15794194
        50742338 34946725 15795613

4 threads:
    L2_TRANS_ALL_REQUESTS
        205337840 119139494 28789996 28765769 28642581
        205190524 118979336 28845792 28728524 28636872
        206541982 120040185 28933053 28810309 28758435
    L2_RQSTS_MISS
        51124158 27136748 8024548 7980877 7981985
        51209092 27231457 8023641 7979863 7974131
        50997308 27080723 8006297 7951840 7958448